Temperature	Pressure	Density	Volume	InternalEnergy	Enthalpy	Entropy	Cv	Cp	SoundSpd	Joule-Thomson	Viscosity	Therm.Cond.	Surf.Tension	Density	Volume	InternalEnergy	Enthalpy	Entropy	Cv	Cp	SoundSpd.	Joule-Thomson	Viscosity	Therm.Cond.
273.16	0.00061165	55.497	0.018019	-7.3426e-13	1.1021e-05	-2.6289e-12	75.978	76.023	1402.3	-0.24142	1791.4	0.55560	0.075646	0.00026947	3711.0	42.785	45.055	164.94	25.553	33.947	409.00	592.65	8.9458	0.016761
278.16	0.00087318	55.504	0.018017	0.37942	0.37944	1.3765	75.760	75.762	1426.1	-0.23676	1517.8	0.56775	0.074940	0.00037783	2646.7	42.909	45.220	162.58	25.628	34.038	412.61	505.66	9.0905	0.017084
283.16	0.0012290	55.489	0.018022	0.75776	0.75778	2.7245	75.501	75.583	1447.1	-0.23250	1305.6	0.57873	0.074220	0.00052250	1913.9	43.032	45.385	160.33	25.706	34.134	416.17	432.59	9.2387	0.017413
288.16	0.0017069	55.456	0.018032	1.1354	1.1354	4.0464	75.209	75.462	1465.8	-0.22858	1137.3	0.58876	0.073484	0.00071322	1402.1	43.156	45.549	158.17	25.786	34.233	419.70	371.49	9.3901	0.017747
293.16	0.0023408	55.406	0.018048	1.5124	1.5125	5.3438	74.889	75.382	1482.2	-0.22491	1001.4	0.59797	0.072735	0.00096164	1039.9	43.279	45.713	156.12	25.868	34.335	423.19	320.54	9.5444	0.018088
298.16	0.0031718	55.342	0.018069	1.8892	1.8893	6.6182	74.545	75.333	1496.6	-0.22146	889.83	0.60648	0.071971	0.0012816	780.29	43.401	45.876	154.15	25.951	34.442	426.63	278.11	9.7012	0.018434
303.16	0.0042494	55.264	0.018095	2.2658	2.2659	7.8707	74.178	75.305	1509.0	-0.21819	797.05	0.61435	0.071193	0.0016892	591.99	43.524	46.039	152.26	26.037	34.554	430.04	242.78	9.8605	0.018786
308.16	0.0056321	55.175	0.018124	2.6423	2.6424	9.1025	73.791	75.295	1519.7	-0.21505	718.98	0.62166	0.070401	0.0022034	453.84	43.645	46.201	150.45	26.125	34.671	433.40	213.32	10.022	0.019145
313.16	0.0073889	55.074	0.018157	3.0188	3.0189	10.314	73.387	75.297	1528.8	-0.21203	652.59	0.62845	0.069595	0.0028458	351.39	43.766	46.363	148.72	26.217	34.795	436.72	188.69	10.185	0.019510
318.16	0.0095999	54.963	0.018194	3.3953	3.3955	11.507	72.968	75.310	1536.3	-0.20910	595.65	0.63475	0.068775	0.0036412	274.64	43.887	46.523	147.06	26.313	34.928	439.99	168.01	10.350	0.019882
323.16	0.012358	54.842	0.018234	3.7719	3.7721	12.682	72.536	75.332	1542.4	-0.20624	546.41	0.64059	0.067942	0.0046175	216.57	44.007	46.683	145.47	26.416	35.072	443.22	150.58	10.517	0.020262
328.16	0.015770	54.712	0.018278	4.1486	4.1489	13.838	72.092	75.361	1547.2	-0.20343	503.53	0.64599	0.067096	0.0058063	172.23	44.126	46.842	143.94	26.526	35.227	446.39	135.79	10.685	0.020649
333.16	0.019956	54.573	0.018324	4.5255	4.5258	14.978	71.640	75.396	1550.8	-0.20066	465.95	0.65097	0.066237	0.0072429	138.07	44.244	46.999	142.46	26.644	35.396	449.51	123.19	10.854	0.021044
338.16	0.025053	54.427	0.018373	4.9025	4.9030	16.102	71.179	75.439	1553.3	-0.19791	432.82	0.65554	0.065364	0.0089661	111.53	44.361	47.155	141.05	26.771	35.581	452.57	112.37	11.024	0.021448
343.16	0.031214	54.272	0.018426	5.2798	5.2804	17.209	70.713	75.488	1554.6	-0.19516	403.47	0.65973	0.064479	0.011019	90.752	44.477	47.310	139.69	26.909	35.783	455.58	103.02	11.195	0.021861
348.16	0.038612	54.110	0.018481	5.6574	5.6581	18.301	70.244	75.544	1554.9	-0.19242	377.35	0.66353	0.063581	0.013449	74.355	44.592	47.463	138.38	27.059	36.004	458.52	94.900	11.367	0.022284
353.16	0.047434	53.941	0.018539	6.0352	6.0361	19.379	69.771	75.608	1554.3	-0.18965	353.99	0.66697	0.062671	0.016307	61.322	44.706	47.615	137.11	27.222	36.247	461.39	87.799	11.539	0.022718
358.16	0.057890	53.765	0.018600	6.4134	6.4145	20.442	69.298	75.679	1552.8	-0.18685	333.02	0.67005	0.061749	0.019650	50.890	44.819	47.765	135.89	27.400	36.513	464.20	81.552	11.712	0.023162
363.16	0.070208	53.582	0.018663	6.7919	6.7932	21.492	68.825	75.759	1550.4	-0.18402	314.13	0.67278	0.060814	0.023538	42.484	44.930	47.912	134.72	27.592	36.805	466.94	76.024	11.885	0.023619
368.16	0.084640	53.392	0.018729	7.1709	7.1724	22.528	68.353	75.848	1547.2	-0.18113	297.05	0.67516	0.059868	0.028036	35.668	45.039	48.058	133.58	27.802	37.124	469.61	71.103	12.059	0.024088
373.16	0.10145	53.196	0.018798	7.5502	7.5522	23.552	67.883	75.947	1543.1	-0.17818	281.55	0.67721	0.058910	0.033215	30.107	45.147	48.201	132.48	28.029	37.473	472.20	66.699	12.232	0.024571
378.16	0.12094	52.994	0.018870	7.9301	7.9324	24.563	67.417	76.055	1538.4	-0.17517	267.45	0.67894	0.057941	0.039148	25.544	45.253	48.342	131.42	28.276	37.855	474.71	62.735	12.406	0.025068
383.16	0.14343	52.785	0.018945	8.3106	8.3133	25.563	66.956	76.175	1532.9	-0.17207	254.59	0.68035	0.056960	0.045916	21.779	45.357	48.480	130.39	28.543	38.272	477.14	59.146	12.580	0.025580
388.16	0.16924	52.571	0.019022	8.6916	8.6948	26.551	66.498	76.306	1526.7	-0.16889	242.81	0.68145	0.055968	0.053604	18.655	45.459	48.616	129.40	28.832	38.726	479.48	55.879	12.753	0.026108
393.16	0.19874	52.350	0.019102	9.0733	9.0771	27.528	66.047	76.448	1519.9	-0.16560	232.01	0.68224	0.054966	0.062303	16.051	45.558	48.748	128.43	29.143	39.220	481.74	52.890	12.927	0.026653
398.16	0.23231	52.123	0.019185	9.4557	9.4601	28.494	65.601	76.604	1512.4	-0.16220	222.08	0.68274	0.053953	0.072107	13.868	45.656	48.877	127.49	29.478	39.755	483.90	50.140	13.100	0.027215
403.16	0.27036	51.891	0.019271	9.8388	9.8440	29.450	65.161	76.772	1504.3	-0.15869	212.92	0.68295	0.052930	0.083119	12.031	45.751	49.003	126.58	29.838	40.335	485.97	47.596	13.273	0.027796
408.16	0.31332	51.652	0.019360	10.223	10.229	30.397	64.728	76.955	1495.5	-0.15504	204.46	0.68288	0.051897	0.095446	10.477	45.843	49.125	125.69	30.222	40.960	487.94	45.234	13.446	0.028396
413.16	0.36164	51.408	0.019452	10.608	10.615	31.334	64.302	77.152	1486.2	-0.15125	196.63	0.68252	0.050854	0.10920	9.1575	45.932	49.244	124.83	30.631	41.634	489.82	43.029	13.618	0.029017
418.16	0.41580	51.157	0.019547	10.993	11.002	32.263	63.883	77.365	1476.3	-0.14731	189.36	0.68190	0.049801	0.12450	8.0320	46.019	49.358	123.99	31.064	42.356	491.60	40.965	13.790	0.029659
423.16	0.47629	50.901	0.019646	11.380	11.390	33.182	63.471	77.594	1465.8	-0.14319	182.60	0.68101	0.048739	0.14148	7.0684	46.102	49.469	123.17	31.522	43.128	493.27	39.024	13.962	0.030323
428.16	0.54364	50.639	0.019748	11.768	11.779	34.094	63.067	77.839	1454.8	-0.13890	176.30	0.67987	0.047668	0.16026	6.2400	46.182	49.575	122.37	32.004	43.952	494.84	37.196	14.133	0.031010
433.16	0.61839	50.371	0.019853	12.157	12.170	34.998	62.670	78.103	1443.2	-0.13442	170.42	0.67873	0.046589	0.18098	5.5254	46.259	49.676	121.59	32.509	44.828	496.30	35.470	14.304	0.031722
438.16	0.70111	50.096	0.019962	12.548	12.562	35.894	62.281	78.386	1431.1	-0.12972	164.92	0.67726	0.045500	0.20380	4.9068	46.333	49.773	120.82	33.035	45.758	497.65	33.838	14.475	0.032459
443.16	0.79238	49.816	0.020074	12.939	12.955	36.783	61.900	78.688	1418.5	-0.12480	159.76	0.67551	0.044404	0.22887	4.3693	46.403	49.865	120.07	33.582	46.742	498.89	32.292	14.645	0.033223
448.16	0.89281	49.529	0.020190	13.332	13.350	37.665	61.526	79.012	1405.3	-0.11963	154.92	0.67351	0.043300	0.25635	3.9009	46.468	49.951	119.33	34.149	47.780	500.02	30.827	14.815	0.034014
453.16	1.0030	49.235	0.020311	13.727	13.747	38.541	61.160	79.357	1391.7	-0.11421	150.37	0.67127	0.042188	0.28642	3.4914	46.530	50.032	118.61	34.733	48.876	501.04	29.438	14.986	0.034834
458.16	1.1237	48.936	0.020435	14.123	14.146	39.411	60.801	79.727	1377.5	-0.10849	146.08	0.66879	0.041069	0.31926	3.1322	46.588	50.108	117.90	35.335	50.029	501.94	28.120	15.156	0.035684
463.16	1.2555	48.629	0.020564	14.521	14.547	40.275	60.451	80.122	1362.8	-0.10247	142.03	0.66609	0.039943	0.35507	2.8163	46.642	50.178	117.20	35.953	51.243	502.73	26.871	15.326	0.036565
468.16	1.3991	48.316	0.020697	14.921	14.950	41.133	60.108	80.544	1347.7	-0.096120	138.21	0.66316	0.038811	0.39406	2.5377	46.691	50.241	116.52	36.585	52.519	503.39	25.686	15.496	0.037479
473.16	1.5553	47.995	0.020835	15.322	15.355	41.987	59.773	80.995	1332.0	-0.089407	134.58	0.66001	0.037672	0.43644	2.2913	46.735	50.299	115.84	37.231	53.860	503.92	24.562	15.667	0.038428
478.16	1.7246	47.668	0.020979	15.726	15.762	42.836	59.445	81.477	1315.9	-0.082304	131.13	0.65664	0.036528	0.48245	2.0727	46.775	50.350	115.17	37.891	55.271	504.34	23.496	15.838	0.039414
483.16	1.9081	47.332	0.021127	16.132	16.172	43.680	59.126	81.992	1299.2	-0.074777	127.86	0.65306	0.035378	0.53234	1.8785	46.809	50.394	114.51	38.563	56.757	504.62	22.485	16.009	0.040437
488.16	2.1063	46.989	0.021281	16.540	16.584	44.521	58.814	82.544	1282.1	-0.066788	124.74	0.64926	0.034224	0.58639	1.7053	46.839	50.430	113.86	39.248	58.322	504.76	21.527	16.181	0.041501
493.16	2.3200	46.639	0.021441	16.950	17.000	45.358	58.511	83.135	1264.5	-0.058297	121.76	0.64526	0.033064	0.64488	1.5507	46.862	50.460	113.21	39.945	59.974	504.77	20.618	16.355	0.042608
498.16	2.5502	46.279	0.021608	17.363	17.418	46.192	58.215	83.769	1246.3	-0.049256	118.92	0.64104	0.031901	0.70812	1.4122	46.880	50.481	112.56	40.656	61.720	504.63	19.756	16.529	0.043761
503.16	2.7976	45.911	0.021781	17.778	17.839	47.023	57.928	84.449	1227.7	-0.039614	116.19	0.63662	0.030734	0.77645	1.2879	46.892	50.495	111.92	41.379	63.570	504.35	18.938	16.705	0.044962
508.16	3.0631	45.534	0.021961	18.197	18.264	47.852	57.649	85.181	1208.6	-0.029313	113.57	0.63199	0.029564	0.85023	1.1761	46.897	50.500	111.29	42.116	65.535	503.91	18.162	16.883	0.046216
513.16	3.3475	45.148	0.022149	18.618	18.693	48.678	57.379	85.969	1189.0	-0.018285	111.05	0.62716	0.028391	0.92988	1.0754	46.896	50.496	110.65	42.867	67.627	503.32	17.425	17.062	0.047527
518.16	3.6518	44.751	0.022346	19.043	19.125	49.504	57.117	86.819	1168.9	-0.0064575	108.62	0.62212	0.027217	1.0158	0.98443	46.888	50.483	110.02	43.634	69.862	502.55	16.724	17.245	0.048900
523.16	3.9768	44.345	0.022551	19.472	19.561	50.328	56.865	87.739	1148.2	0.0062563	106.28	0.61688	0.026041	1.1085	0.90210	46.872	50.460	109.39	44.418	72.256	501.62	16.057	17.430	0.050339
528.16	4.3236	43.927	0.022765	19.904	20.002	51.151	56.622	88.736	1127.0	0.019954	104.01	0.61143	0.024864	1.2085	0.82745	46.848	50.426	108.75	45.219	74.830	500.51	15.423	17.618	0.051853
533.16	4.6930	43.497	0.022990	20.340	20.447	51.975	56.390	89.820	1105.3	0.034748	101.81	0.60577	0.023687	1.3164	0.75963	46.816	50.381	108.12	46.040	77.607	499.20	14.818	17.810	0.053450
538.16	5.0861	43.055	0.023226	20.780	20.898	52.799	56.168	91.002	1083.0	0.050768	99.667	0.59990	0.022510	1.4329	0.69790	46.776	50.325	107.48	46.881	80.617	497.70	14.241	18.006	0.055138
543.16	5.5038	42.600	0.023474	21.225	21.354	53.624	55.958	92.295	1060.1	0.068167	97.581	0.59382	0.021334	1.5586	0.64161	46.726	50.257	106.84	47.745	83.891	496.00	13.689	18.208	0.056929
548.16	5.9473	42.130	0.023736	21.674	21.816	54.451	55.760	93.716	1036.6	0.087120	95.543	0.58753	0.020161	1.6944	0.59019	46.665	50.175	106.19	48.634	87.470	494.07	13.161	18.416	0.058838
553.16	6.4176	41.646	0.024012	22.130	22.284	55.281	55.575	95.285	1012.6	0.10784	93.546	0.58101	0.018991	1.8412	0.54312	46.594	50.080	105.53	49.549	91.402	491.92	12.656	18.630	0.060882
558.16	6.9157	41.145	0.024304	22.591	22.759	56.114	55.405	97.024	987.81	0.13057	91.585	0.57427	0.017824	2.0002	0.49995	46.512	49.969	104.86	50.493	95.745	489.52	12.171	18.852	0.063081
563.16	7.4429	40.626	0.024615	23.058	23.241	56.952	55.251	98.964	962.39	0.15560	89.653	0.56730	0.016662	2.1725	0.46030	46.417	49.843	104.19	51.468	100.57	486.87	11.704	19.084	0.065461
568.16	8.0003	40.088	0.024945	23.532	23.732	57.795	55.116	101.14	936.25	0.18330	87.744	0.56009	0.015506	2.3596	0.42380	46.308	49.698	103.50	52.476	105.97	483.94	11.254	19.326	0.068056
573.16	8.5891	39.528	0.025298	24.014	24.232	58.644	55.000	103.60	909.35	0.21409	85.852	0.55263	0.014357	2.5631	0.39015	46.184	49.535	102.79	53.521	112.06	480.72	10.820	19.580	0.070906
578.16	9.2107	38.946	0.025677	24.505	24.741	59.502	54.909	106.40	881.64	0.24850	83.969	0.54491	0.013217	2.7851	0.35905	46.044	49.351	102.07	54.606	118.99	477.19	10.400	19.849	0.074063
583.16	9.8664	38.337	0.026085	25.005	25.262	60.370	54.844	109.63	853.08	0.28719	82.090	0.53691	0.012087	3.0280	0.33025	45.886	49.144	101.32	55.736	126.93	473.31	9.9917	20.136	0.077595
588.16	10.558	37.699	0.026526	25.516	25.796	61.250	54.811	113.37	823.59	0.33097	80.205	0.52861	0.010968	3.2946	0.30352	45.707	48.912	100.55	56.914	136.16	469.07	9.5940	20.442	0.081590
593.16	11.286	37.028	0.027007	26.039	26.343	62.144	54.816	117.78	793.10	0.38090	78.307	0.52000	0.0098622	3.5886	0.27866	45.506	48.651	99.753	58.148	147.01	464.42	9.2051	20.774	0.086166
598.16	12.053	36.319	0.027534	26.576	26.907	63.056	54.868	123.05	761.50	0.43834	76.384	0.51106	0.0087723	3.9144	0.25547	45.279	48.358	98.917	59.444	159.97	459.33	8.8230	21.135	0.091481
603.16	12.860	35.567	0.028116	27.129	27.490	63.989	54.979	129.48	728.65	0.50514	74.424	0.50174	0.0077005	4.2777	0.23377	45.022	48.029	98.040	60.814	175.73	453.72	8.4457	21.532	0.097753
608.16	13.709	34.763	0.028767	27.701	28.095	64.948	55.165	137.51	694.33	0.58390	72.412	0.49204	0.0066497	4.6862	0.21339	44.730	47.656	97.112	62.269	195.35	447.55	8.0708	21.976	0.10529
613.16	14.603	33.895	0.029503	28.296	28.727	65.940	55.454	147.89	658.19	0.67845	70.327	0.48191	0.0056235	5.1499	0.19418	44.397	47.232	96.120	63.831	220.49	440.70	7.6954	22.478	0.11454
618.16	15.542	32.949	0.030350	28.921	29.393	66.976	55.889	161.96	619.67	0.79472	68.138	0.47137	0.0046262	5.6832	0.17596	44.012	46.747	95.049	65.529	253.93	433.05	7.3159	23.057	0.12618
623.16	16.531	31.899	0.031349	29.585	30.103	68.071	56.551	182.29	577.89	0.94231	65.798	0.46045	0.0036635	6.3074	0.15854	43.562	46.183	93.875	67.412	300.82	424.37	6.9274	23.741	0.14130
628.16	17.572	30.701	0.032572	30.302	30.875	69.251	57.605	214.29	531.62	1.1370	63.228	0.44942	0.0027430	7.0562	0.14172	43.026	45.517	92.560	69.570	371.78	414.35	6.5224	24.574	0.16181
633.16	18.668	29.283	0.034150	31.101	31.739	70.563	59.405	270.46	479.63	1.4036	60.300	0.43914	0.0018755	7.9897	0.12516	42.366	44.703	91.038	72.189	493.16	402.34	6.0880	25.640	0.19151
638.16	19.824	27.514	0.036345	32.029	32.750	72.089	62.697	386.04	422.42	1.7776	56.804	0.43238	0.0010785	9.2366	0.10826	41.501	43.648	89.166	75.759	753.82	386.90	5.5951	27.122	0.24018
643.16	21.046	25.052	0.039918	33.224	34.065	74.068	69.181	815.66	359.72	2.3626	52.251	0.44552	0.00038699	11.209	0.089212	40.175	42.053	86.489	82.286	1744.9	362.76	4.9491	29.666	0.34985